8

10 20 200 100
100 100 100
150 150 150
elemente\condensator.txt

10 140 200 100
100 100 100
150 150 150
elemente\dioda.txt

10 260 200 100
100 100 100
150 150 150
elemente\dioda_zen.txt

10 380 200 100
100 100 100
150 150 150
elemente\generator.txt

10 500 200 100
100 100 100
150 150 150
elemente\inductor.txt

10 620 200 100
100 100 100
150 150 150
elemente\rezistor.txt

10 740 200 100
100 100 100
150 150 150
elemente\sursa_ac.txt

10 860 200 100
100 100 100
150 150 150
elemente\sursa_tensiune.txt